1.0859402127118043,-1.845968384255729,-0.02213612230200361,-2.4397435979530315,0.7266741384410802,-1.9036543318713148,-2.742296003028457,-2.80423562040703,1.1183896895942773,-2.875814238489753,1.7601401411515412,1.9741770410711088,2.121065319886582,-0.1880184941909812,2.606544734565551,0.5316529710818152,2.7273793927309526,2.529665993670829,-1.632093215947119,1.5956730409418254,0.04827499721702484,0.49848282912867353,-1.6358942340129299,-2.524486009923728,-2.5501707519582317,-0.7773947628181426,1.9045963954854017,-0.08843925474623227,-0.25384918545308477,1.936350970383863,-1.7585614952618667,-1.3246108115447262,-2.35517315327683,-1.9605526394549266,-1.8332811449107633,-2.8272447682838524,-1.94781989682633,-1.280656345887854,-0.7824224486388427,-2.4972222762571032,0.07078512783660607,2.390079580840805,-1.3907453411419584,1.2186414088290505,-2.4641027861167863,-0.9524438547849794,2.863189066777932,-1.7626089492492387,-2.2204618107812606,-1.9338073718415882,1.133920731859777,-2.447667240398724,0.6653277273827338,1.7528578892286126,-2.889324501194021,-2.4157939956737176,2.7853538749779734,-0.5158175638158491,0.08003973859667417,2.682355548034102,2.9100946016532587,-1.42827729532456,-1.1871552393978246,0.2975241349280573,2.2050972750617364,2.0237644175606615
numHidden 	7
numGenes 	66
minGene 	-3.0
maxGene 	3.0
popSize 	200
maxEvaluations 	20000
mutateRate 	0.05
mutateChange 	0.05
seed 	1520364792895
random 	java.util.Random@300ffa5d
neuralNetworkClass 	class coursework.ExampleEvolutionaryAlgorithm
Training Set Training
Fitness 0.14186338269906845