-1.8189892183298455,-0.9604342798898778,-2.0182268338495306,2.088975859659247,3.260262900022484,-2.6294196434885873,-0.15655932644795767,2.039176633372628,-3.0356970994966446,4.116607132032701,0.6609831221603638,3.8606693752348393,0.8190678794949892,1.822012800944391,1.4389290132770594,2.1611529851443243,2.9420452247895765,0.4301807374276765,-2.8214326897042787,3.762495829979468,-0.2107022948775269,-0.11732359969388717,4.888502264201948,0.4397029453643174,0.5989456044318903,0.5524907318034123,-3.8335046307892946,-0.5461755929688303,-0.2683334698524361,-0.4825781475728671,1.6713516731917963,-0.3893991416180317,-0.9325437333275289,-2.261138780062135,0.014033644658540179,-0.8751730500607401,-4.699021059796162,-2.893588776106582,-0.1243858297850039,1.2880818515078154,-0.7659167518497797,-6.52340986527277,7.073858071856279,-1.6440554399951948,0.6983211790688172,2.6271436954076477,2.532654642441022,-2.5132577575974238
numHidden 	5
numGenes 	48
minGene 	-3.0
maxGene 	3.0
popSize 	200
maxEvaluations 	20000
mutateRate 	0.15
mutateChange 	0.15
seed 	1520369267923
random 	java.util.Random@300ffa5d
neuralNetworkClass 	class coursework.ExampleEvolutionaryAlgorithm
Training Set Training
Fitness 0.023767194590327705