-1.5571896177656623,-0.06379734887433619,-3.448593321268214,1.7341991653420759,1.8968974327877177,-3.0524709646633883,-4.041795983646427,0.2616912331412219,-2.860518217318142,-3.797297812477157,-1.5966776561441707,2.2621855408120295,-2.0696931747844642,1.661705632659694,-1.13302020933687,-1.0093505728261496,-0.5365349175654459,0.8093064691518667,-1.038967833506416,-2.949324817459492,1.6217810262266283,0.835348760856453,-3.3581565122725117,0.7860623390003498,3.7947668545260207,0.2928663861021312,1.692885167020393,2.399933695538354,0.24682616483544084,-0.17764530313622628,-3.6131376844442564,2.207524945992056,0.12900157704835424,1.288239542023233,-0.2703755966524839,-2.792378730311485,-2.109152441987547,3.3801868846174643,3.3615959248309517,1.7945983031013597,-2.6087791733287284,-1.8380960583731871,0.7689179166950313,3.1661031858054383,-3.6206547516942336,1.7907877117825968,-2.7651507933859523,-0.48567369831589113
numHidden 	5
numGenes 	48
minGene 	-3.0
maxGene 	3.0
popSize 	200
maxEvaluations 	20000
mutateRate 	0.15
mutateChange 	0.15
seed 	1520368412967
random 	java.util.Random@300ffa5d
neuralNetworkClass 	class coursework.ExampleEvolutionaryAlgorithm
Training Set Training
Fitness 0.03211104743337219