-1.0067700485158924,0.29991303768370425,-0.5532122566989961,-2.182777196106189,2.554602045180892,-1.8182614956477912,2.873163190074564,-0.3010889373404977,1.2987092755019762,0.581540063951806,2.5855869552291066,2.285875869066256,0.13854056078974067,-2.12704798426202,1.2720659219391086,-2.4292325830967316,2.464579083562109,1.7372942668651836,-0.31340917204669533,1.8885090914946716,2.8791553914045993,0.4458958391617996,0.5063645266658094,-2.3662967016404775,0.5628220161138497,2.7449200180973055,-1.5784221007617558,2.4385650462769846,-0.4678550633160364,2.659022714195797,-1.2774229493736726,2.534293712096316,-1.6419570623933182,2.1712355860267474,2.0853168139139147,1.9971169109751594,2.2651280552474686,-1.0796698105195524,-0.047487049454472796,-2.5030448809902723,-0.5222080519717789,2.223955999365942,1.2204663491212673,2.242002383906984,2.7069484343251613,-0.219550381010173,1.8665748358931245,0.8069511975476544
numHidden 	5
numGenes 	48
minGene 	-3.0
maxGene 	3.0
popSize 	200
maxEvaluations 	20000
mutateRate 	0.01
mutateChange 	0.05
seed 	1520363787885
random 	java.util.Random@300ffa5d
neuralNetworkClass 	class coursework.ExampleEvolutionaryAlgorithm
Training Set Training
Fitness 0.11302077177513127