1.5320398112974232,0.29362390821746076,1.269741343545942,2.4520273537432553,-1.284479113333463,-1.2524788493958536,-1.610964032264137,0.8797491363139849,-1.9629194093777553,-1.7480571926488524,0.3037914114863354,1.2349229545437341,0.0029874192885108314,0.5120245872893132,-0.19934368479214531,-1.5428580995635581,2.4490422301012176,-0.740096380040032,2.099755474467676,-2.313353796549967,-1.2646834695422116,-1.3745695664418303,-3.0256138093356415,2.263714706674153,2.3409068769894414,-2.079427417341754,-0.9412996854088278,-2.252727058461881,0.49476683001775157,-0.8371811422557083,-1.8311699478768366,-0.2468195153874157,-1.797613366991442,-2.924673687201766,-0.40483470524482695,1.9476258550884487,-0.7935976142264562,-2.5827055238311747,-1.601034880175342,1.7151306621438247,-2.2840540460496275,-0.7143057214502486,-0.7371870993572445,2.831675784495448,-2.700941094618922,0.6312427137588823,-1.3426070704530964,-2.1334200033819357
numHidden 	5
numGenes 	48
minGene 	-3.0
maxGene 	3.0
popSize 	200
maxEvaluations 	20000
mutateRate 	0.05
mutateChange 	0.05
seed 	1520364000087
random 	java.util.Random@300ffa5d
neuralNetworkClass 	class coursework.ExampleEvolutionaryAlgorithm
Training Set Training
Fitness 0.1076102489546805