2.0545444608778225,-0.823288321921801,-1.4134047005086692,3.9042692824119825,1.0161027891772796,0.4248824039286173,-4.234991290677305,1.0965718577902077,-0.23365198565925405,2.142140793407183,-1.341657200574661,0.02873443336242254,-2.5554192672753477,3.604717530401622,-4.6924983256352455,0.7699485037264662,-3.714369012378632,2.0336006410464806,3.3697633817185704,-1.0454119087247973,-0.8632879008778751,0.6606825607245753,0.25789263038023724,2.243326297591178,1.040018076709301,-2.5266808552322173,0.4539640117648098,-0.4539302183493412,0.5333088783466017,1.4473146818762883,1.5696344352289056,-0.700339704293017,-1.60124827572667,0.7216890624160387,-0.5546533403454322,-3.579686705294754,-2.562679476098939,3.3323433884868265,-0.39254881783205553,2.2160919930215384,-0.39083992687156444,0.006653245910677286,-0.0035568910769369078,-2.4250599923271356,-0.15684700150467423,-1.283185612295698,3.293898928077641,-0.18327225810192016
numHidden 	5
numGenes 	48
minGene 	-3.0
maxGene 	3.0
popSize 	200
maxEvaluations 	20000
mutateRate 	0.15
mutateChange 	0.15
seed 	1520366732493
random 	java.util.Random@300ffa5d
neuralNetworkClass 	class coursework.ExampleEvolutionaryAlgorithm
Training Set Training
Fitness 0.0082132897533984