1.5837460679213244,-0.17407851221453985,2.518303215133528,1.3090659414893475,-1.838559480760344,2.176597824794287,-2.292370108071815,-3.7460749354092506,-0.5251018970785696,1.172970703482032,0.8320109669106212,0.6635337382908085,2.72546947999934,3.1416560011081094,-2.2466314370217786,2.836573960344655,4.0574380383470094,-5.495189767775974,1.5816551557653362,-4.059741600758062,-0.2635912492775224,-2.233383222308479,1.1864934763052382,-1.1315694998636325,-2.4163957250996315,-0.023165294237730505,-1.4118584579929614,-2.0113765414281186,1.1850537693248593,0.2044082104251146,0.9510376716301407,0.4900695266156958,4.367576997474128,1.6443660672374452,2.608206544313102,1.588384136594665,0.2843991674371077,-2.801162698868409,-1.613569424179931,2.50165586866372,-3.3380713379829454,-2.2086321244830454,-2.724804770553127,-0.08471855226510994,-1.6852249553064835,-0.7895800420481516,2.3884540635139966,1.7065804642608455
numHidden 	5
numGenes 	48
minGene 	-3.0
maxGene 	3.0
popSize 	200
maxEvaluations 	20000
mutateRate 	0.15
mutateChange 	0.15
seed 	1520368213301
random 	java.util.Random@300ffa5d
neuralNetworkClass 	class coursework.ExampleEvolutionaryAlgorithm
Training Set Training
Fitness 0.011036883547373985