2.336162240903538,-0.5889190148895873,-1.1571821001989633,0.27252850916864907,0.6453541255235133,-0.745555321166594,1.5770122498773647,0.25092174029800063,0.6532367849248117,-2.764648067080852,-2.3496408578789207,-3.2134018450465245,-1.9738302071551606,0.11882499305001311,-0.11684713664822148,-2.450503887992247,-0.5632254231410339,1.6880900545636424,2.010521067411025,-1.3821654746339496,3.295868437626808,0.9932430583038669,2.6144259246037853,-2.6033588543566393,1.4886454524929391,0.12500339309636513,0.1000875613198046,2.106182527166064,-2.1022644604059177,0.37143179544325006,-2.0323367755632775,0.31042682479028266,-1.726812176878555,1.6131177391843272,3.0486334382284985,-1.7761767418558432,0.8878975098029209,-0.5753532400817827,1.307783579255313,0.8802133702056665,-2.4442797836061456,0.40366637375026065,2.5582386112468765,0.26267375598502085,-2.2863733729639892,2.672033088803625,1.1823133105843744,1.6730967047268201
numHidden 	5
numGenes 	48
minGene 	-3.0
maxGene 	3.0
popSize 	200
maxEvaluations 	20000
mutateRate 	0.05
mutateChange 	0.05
seed 	1520364961715
random 	java.util.Random@300ffa5d
neuralNetworkClass 	class coursework.ExampleEvolutionaryAlgorithm
Training Set Training
Fitness 0.12762192431083874