-1.4129621723798875,3.360983589902169,-0.12967228262839425,4.596115368943505,2.8537042505079104,-1.5859823865962515,1.3503057751138234,-0.9381350286400278,-1.7522045706925486,-1.4894556220277324,2.1964627232407903,1.8326844889665797,-1.2203336950928692,2.1132797584011667,-2.283523500143854,-1.8654626364837963,-0.2483789875305895,-1.1504800560086288,3.1530864615480434,1.0023487950758243,1.0162160235982824,-0.6927085812047493,4.814941728176367,-3.4984169615984784,0.511676220257518,0.017048660478199085,1.5636214187290798,-1.3000469554793819,-0.21345888428672644,-0.2805452991946321,2.5279847081637223,-1.053096819519642,-1.414979103923706,0.6226724629303149,-2.4290044213097017,-0.6230396885750336,3.3851666903836843,1.781320115516333,-2.1861149996872333,-0.35188132691998786,-1.9800449521753478,-2.5303923147436804,-1.1713788185383547,-2.942978204894766,-2.080064300977274,1.320472313125661,0.281703025904833,-1.8066157955001696
numHidden 	5
numGenes 	48
minGene 	-3.0
maxGene 	3.0
popSize 	200
maxEvaluations 	20000
mutateRate 	0.05
mutateChange 	0.15
seed 	1520366577878
random 	java.util.Random@300ffa5d
neuralNetworkClass 	class coursework.ExampleEvolutionaryAlgorithm
Training Set Training
Fitness 0.09225587874807545