4.48162475043904,-0.4006577768274837,0.12568357854018286,2.9612784420670297,-2.00578272846405,0.13262185337910926,6.09414250133236,2.99724006048061,-0.1760930019479291,0.5565144454449719,-0.38388458296114836,0.18288808881049368,-0.5255913937461385,4.6211760905420025,1.4361355203289978,2.4070667173180658,2.1787097682317293,3.968040340534805,-1.8925890602599267,1.5332069566995856,0.6511244393450941,-3.1268801421775865,-0.8085480970622498,-2.6657617212963367,-5.010399927952694,-1.4733683862982985,-0.9377081139814576,-1.461678118123252,-0.03364855879915973,-3.8422366727208113,-5.536969596421926,-1.9453124215369393,-1.5375856995697772,-1.2424800359559027,-0.7451645417303119,3.2714648472674113,-0.4796718584191949,3.5179215195325444,1.7992015376403043,-2.4041996803862373,-3.812453107084072,2.5989211096840044,1.276570074923454,-1.568374621990349,-1.7007590064001694,4.8541338042873265,-1.9452487971399859,-2.0263132340373433
numHidden 	5
numGenes 	48
minGene 	-3.0
maxGene 	3.0
popSize 	200
maxEvaluations 	20000
mutateRate 	0.15
mutateChange 	0.15
seed 	1520366934849
random 	java.util.Random@300ffa5d
neuralNetworkClass 	class coursework.ExampleEvolutionaryAlgorithm
Training Set Training
Fitness 0.09665892285573185