0.8454849091507348,-1.9136681773943307,-0.6605555963924568,0.6748526210100045,2.282091116737318,-0.2352532056395507,-0.10124841626170387,2.477948751001052,-1.3818046579529322,0.8237536540045387,2.004686386195903,1.3849574303830752,-2.5275824051253037,-0.8823449724656067,2.6608060411010666,1.6079375593556877,1.0089948740049077,2.8265746277063855,2.5219893771991293,-0.6494335979400354,2.8078212394616493,0.1387543385679691,0.042411972076343424,-1.913220074747331,-2.334062283357225,2.912172741331336,0.13432806520732576,0.27048097448074576,0.9651432503226169,0.011429237089830444,0.41016167928004776,-2.4189190512311916,-0.12809887134803416,1.3495440012823843,-0.6841602145507757,1.597205197897435,-2.913600489249351,0.4929452416881102,2.5145393947519645,0.9256863675348839,0.8161390777438207,-1.1477266567835747,2.034334321377953,-1.8577611710684407,2.7392767577269623,1.6689874523492079,2.5478401128126578,-1.1743343749950124
numHidden 	5
numGenes 	48
minGene 	-3.0
maxGene 	3.0
popSize 	200
maxEvaluations 	20000
mutateRate 	0.05
mutateChange 	0.05
seed 	1520364445145
random 	java.util.Random@300ffa5d
neuralNetworkClass 	class coursework.ExampleEvolutionaryAlgorithm
Training Set Training
Fitness 0.07505790887388693