-2.665188313926769,-3.1443228901136133,-1.577844308447451,-1.750192845053741,-2.5804591338709573,2.6610909916032557,1.9893092199648312,-2.729918143536707,-2.8526856653481505,-2.212373566935967,1.593396208158744,-1.2507210005930611,2.8580991596127214,0.5699088661998988,-4.20822652263606,4.443715339222317,1.2883447630506877,-1.6096964944544996,-1.5483973319381097,-1.6917160237284143,-1.0558500811436682,1.842821389944595,0.5391834065827147,0.013615849622592324,2.108045515673613,0.7954205365002968,-1.2479627204023296,1.2962332915098072,-3.790260116105663,0.5382681869214112,-2.2897012822271474,-0.7711957574821702,2.184304655864551,-2.6780424648257535,0.7161800431935806,1.9071803872447237,0.08704115709881166,1.2788066772199858,-3.0671918516559957,0.524468628756417,3.11987987059812,-3.2100553417672795,-2.1830074966092243,1.616785772875486,-2.512080373689585,1.1692515780723256,1.9855554048802535,0.4554687170289373
numHidden 	5
numGenes 	48
minGene 	-3.0
maxGene 	3.0
popSize 	200
maxEvaluations 	20000
mutateRate 	0.05
mutateChange 	0.15
seed 	1520366010313
random 	java.util.Random@300ffa5d
neuralNetworkClass 	class coursework.ExampleEvolutionaryAlgorithm
Training Set Training
Fitness 0.019194685397153424