1.3202947954689637,3.4340688001190762,1.0598527224980097,-1.6500818550164307,3.507434031700572,1.0574279781569609,-1.5037247848911357,2.3282909796376057,-2.0345802248877978,1.8730694626776163,-2.502920818544148,0.6294243278094293,0.7698650479398215,2.168194164124174,2.4557305080428673,1.7374810090228832,-0.7157922777369796,2.083720924249244,2.1400697989633506,-0.3113297612658579,1.781657202673565,-1.0447918231185298,-1.7753452958042852,1.3156485955264898,-1.7795038506222225,-3.4089919611981268,-0.12641529251197062,0.48769566502808637,3.425537186560812,-1.23143968706788,-2.472894378730291,1.8621631516304218,2.7284726528202614,-0.8548905865300157,0.23550675039812932,-0.9342922937108025,0.5683807912988996,-1.1494077103530593,1.2615893811663415,1.0401888425823071,-0.9836155589931496,1.3595430776610025,-1.32708950685346,-1.5815684428369807,-0.12675705910084004,-0.3110691441453731,2.6656054259933635,-0.1845920255136715
numHidden 	5
numGenes 	48
minGene 	-3.0
maxGene 	3.0
popSize 	200
maxEvaluations 	20000
mutateRate 	0.05
mutateChange 	0.15
seed 	1520365328654
random 	java.util.Random@300ffa5d
neuralNetworkClass 	class coursework.ExampleEvolutionaryAlgorithm
Training Set Training
Fitness 0.1006328513924057