2.640262608029551,-0.20284834330460466,-2.004600304345609,-0.6396177745598459,-1.3422642384470094,1.336812199016044,1.4112159550346197,0.608586804966162,-0.07633389650416404,-2.5795526379298193,0.4344345129071561,1.5144538968326418,1.3926664167758867,-0.035667997900765164,0.8540904107151608,-1.2946244410046062,2.5479101740405303,-2.1423128799830593,-0.3001124869795106,-2.1385980320972227,-1.8433584745287344,-0.03202316127646228,-1.4679975959155134,-2.1340854262646305,2.1493524168005926,-1.3001693790164104,2.9773068642375424,-2.710226044594002,0.11345684713202024,0.5220398886327918,-1.6326253778340136,1.359162512485637,0.6909453076912491,-1.3623172477254852,1.8333514134390774,-2.6267083186245523,-2.000709142235607,0.39384082339387927,-2.9149997687084594,2.3833050010022765,-0.6359807300532672,1.105125203842269,2.2862228685800607,0.08866339456371933,-2.771895540769537,2.318297985416547,2.2970773356601324,2.3153708828575716
numHidden 	5
numGenes 	48
minGene 	-3.0
maxGene 	3.0
popSize 	200
maxEvaluations 	20000
mutateRate 	0.05
mutateChange 	0.05
seed 	1520364277705
random 	java.util.Random@300ffa5d
neuralNetworkClass 	class coursework.ExampleEvolutionaryAlgorithm
Training Set Training
Fitness 0.13513082212509683