-3.879528007710884,0.5889476086776564,-3.0743837956131874,2.168893613749014,-1.764024918647073,-2.416420294001829,-0.6371601114310568,1.63293917345512,4.439236911794379,-3.3988685985692144,3.0156318231618084,-0.9989870004201806,-2.9777282069467357,2.578708355024906,-1.7722321680764916,5.183775749768197,1.2667500152376927,3.3949540351230203,2.4763617212404676,0.6512089541760502,-0.6205384641735769,-1.6305582921292383,0.3891539297686236,-2.231674509808392,0.5814073888748821,-1.189164493418572,-0.07567476690281771,-0.3454355107500727,-0.04895060721254707,-2.1938976968461175,1.1043387453247435,0.8193614888607781,1.4663855175134408,-1.4383832927578952,-2.6036795519362115,-0.38716123119603973,-5.47494930610429,3.5548182087391194,0.2816479018080307,-1.7304187400783566,0.5553393274886658,5.375009924666111,-0.3649730678166181,-1.240380780090966,-2.4013266272210947,-1.6017815250407554,-0.9460692611815327,-1.1318840878684968
numHidden 	5
numGenes 	48
minGene 	-3.0
maxGene 	3.0
popSize 	200
maxEvaluations 	20000
mutateRate 	0.15
mutateChange 	0.15
seed 	1520367692192
random 	java.util.Random@300ffa5d
neuralNetworkClass 	class coursework.ExampleEvolutionaryAlgorithm
Training Set Training
Fitness 0.025288724579742555