0.2227155216167997,2.3867926563983346,2.762045045724954,-1.5549748846718439,-0.3158393730395092,-0.7149907370909507,2.8737705539444143,0.20955933554221018,-1.3888457325517078,1.221747608827366,1.8511110321108153,-2.7917655258163174,-2.2593039145168996,1.2536654899605608,-1.2099538352735004,-0.4991227126389341,-1.9117195693291433,-2.9504269097912896,2.6524820332231656,-2.4732856297340327,1.5117276622969145,1.3741155570099126,-0.8465980561014459,-1.564634578424055,0.9827106124341567,-2.618301598881911,-0.050738528096444746,-0.6149428932191343,-1.548585265476594,0.3102950275507208,-2.591817729150489,2.484997999827703,-2.098122462430699,0.08625460100964766,1.2983592414987895,-0.3759086603474307,1.2951632587215576,-0.4397840797691037,-2.1255476865998606,-2.419106732753913,-2.1653616663510453,-1.4092822437186334,1.5725964003375275,-0.15003704729665035,-0.18777827286650872,2.3760772163145285,1.8430205834619624,-2.9815085921148645
numHidden 	5
numGenes 	48
minGene 	-3.0
maxGene 	3.0
popSize 	200
maxEvaluations 	20000
mutateRate 	0.01
mutateChange 	0.05
seed 	1520362112812
random 	java.util.Random@300ffa5d
neuralNetworkClass 	class coursework.ExampleEvolutionaryAlgorithm
Training Set Training
Fitness 0.19724089569059133