1.8420322022781763,-0.8201580847155381,2.1063878465043055,0.8986617792725189,-2.2701825213221167,2.1902072859355046,-0.23349063206021237,0.7385242068071989,-2.1620568094263612,-2.936449165632058,1.9791594376745998,-0.867179576830301,1.3860660983428925,-2.250044752352604,2.0268031483027453,1.1208988592558962,2.9840554464436426,1.0573233987207207,-2.266776185953713,-2.9410501088799084,-2.513716555085433,1.7097298088718833,2.4894377247431256,-0.14217831976015205,2.15447655773122,1.6096640072093251,0.28056403859233736,-0.5784685348878993,0.765529475936062,0.029750164959350303,2.338900624666021,-1.394169630148023,-0.9955941292809218,-0.001153365274775095,-1.4599879814235421,-0.4605269989334328,2.6588821318224847,-0.4416995836592843,-0.6494580075584764,1.924432014390045,0.8210190999382734,-1.1925852920798041,2.0890335876211505,3.0286295024111984,-2.64978769923763,1.0594206337880117,2.9642550957363154,2.0178200521347165
numHidden 	5
numGenes 	48
minGene 	-3.0
maxGene 	3.0
popSize 	200
maxEvaluations 	20000
mutateRate 	0.01
mutateChange 	0.05
seed 	1520362831482
random 	java.util.Random@300ffa5d
neuralNetworkClass 	class coursework.ExampleEvolutionaryAlgorithm
Training Set Training
Fitness 0.13223243862479106