0.36918137730462686,-2.776864749577416,0.6373185510289168,2.950490322505625,0.46048014233522006,0.8247093084856836,1.9472175456860024,2.7319764348955626,-1.8671381708948165,-0.9198524587493084,-1.9425671177153627,-1.3797739431503118,-2.075678801038182,2.541882292866182,-0.10328359571057799,2.223466579007054,0.18499726844357722,1.7093936701075139,2.3882914233320385,-2.3890663353946255,2.2783178797038985,-0.29660773189047784,-2.2766283545507378,-0.3348106149924542,-1.6895027300146095,-0.8890314535720036,1.8477771937747924,-0.7955494401988481,-0.8919834343850879,-2.3983040712808235,0.6381684361670894,1.2926707777104098,-1.7643546641145837,1.6477178690722925,-2.5710718970767754,-0.1146549786343316,-0.44017965980063956,-1.111753525797258,2.568138623434142,1.6706826959472423,-1.3902427091231595,-0.8991258834257234,-2.650006065990448,-2.131980293190955,1.4924890924798335,0.6529742233764688,2.1239277516386084,2.489842581700822
numHidden 	5
numGenes 	48
minGene 	-3.0
maxGene 	3.0
popSize 	200
maxEvaluations 	20000
mutateRate 	0.01
mutateChange 	0.05
seed 	1520361860897
random 	java.util.Random@300ffa5d
neuralNetworkClass 	class coursework.ExampleEvolutionaryAlgorithm
Training Set Training
Fitness 0.14135960623967853