-0.9612515275730448,0.010603030942491654,-0.9972637566290197,-1.6034659523304609,0.033167378905377465,-2.419490611897807,1.9061331683231986,-2.6943462906706115,0.30826986370897524,-2.8143104998692112,-0.7497772627334229,-1.177795681600218,0.7705179729854814,-1.5294476189073667,0.12094403788640501,-3.2074292681573793,-2.629898069651227,1.5386637494088644,2.886606914958578,-1.6326997460628303,0.9421387052595543,1.1705525483930588,0.7754840480727578,1.9077115115217804,-1.4059817369392882,0.3767361316409268,0.8645837255642645,-0.8094407573955134,-1.888946388512585,-0.5689285750048922,-1.6156231236664682,0.2895403700178574,-2.8602990090418396,-0.22398013416647578,1.6861012077556352,1.9316492364860198,1.5322230026128976,-2.574599876878728,0.6487001326613204,-2.512711684432636,-2.4512211092192673,0.5616878124988786,-1.5339502589989942,-1.705751037352771,0.9625374097285714,-0.21609695314791288,-0.7169860847501405,0.6733922712857119
numHidden 	5
numGenes 	48
minGene 	-3.0
maxGene 	3.0
popSize 	200
maxEvaluations 	20000
mutateRate 	0.05
mutateChange 	0.15
seed 	1520365640028
random 	java.util.Random@300ffa5d
neuralNetworkClass 	class coursework.ExampleEvolutionaryAlgorithm
Training Set Training
Fitness 0.11583243594633105