-2.226168162631514,-0.8981555537835741,0.42453514220026034,-2.630493473192799,1.0492554214279077,1.0740087191057552,0.11344364671995855,1.5215136342060889,0.9696904204345501,-0.6036919339219882,-0.3341833924102987,1.389378272709888,0.27749654552491876,-3.3911951177657644,-0.6435273374635976,-0.6480145874072759,-1.0650064019626369,3.3782656048975155,-0.12344484681673706,-2.0423603034287794,1.2352296922783714,1.1114843526723845,0.0260914165768239,-0.0360168152963487,-3.1269390942286246,-0.39015677258358294,0.9886326907105614,-0.3710885293544166,-0.18216364345372005,2.907201838030045,0.5812980206944375,-0.6881318595539155,0.1746271104573499,0.8524578873676213,-1.7364000390694942,-1.1100596375752172,-0.779353457444146,-2.9171422473932718,3.6795227928986503,1.841513775580309,3.7388698097482713,0.6031963147444181,2.0908667789485307,-2.163033907927229,-0.9095690510370976,1.7542165182675493,3.093056920036583,2.4747822050292214
numHidden 	5
numGenes 	48
minGene 	-3.0
maxGene 	3.0
popSize 	200
maxEvaluations 	20000
mutateRate 	0.15
mutateChange 	0.15
seed 	1520369742821
random 	java.util.Random@300ffa5d
neuralNetworkClass 	class coursework.ExampleEvolutionaryAlgorithm
Training Set Training
Fitness 0.09758787450451585