0.409339011207257,-0.9656289184516735,-0.014891484947259226,-0.27170790900952,1.0,-0.7049902974904833,-0.3339855889726937,0.22333711706173184,0.6395548486863906,-0.2915092743712856,0.003294172483428559,0.590827465801822,-1.0,1.0,-1.0,0.3013298860920476,1.0,-1.0,-0.18672521192191227,-0.5901407397881498,-1.0,-0.9955702526490724,0.19186877881465958,1.0,-0.4083736241204876,-1.0,-1.0,0.6782877989288821,1.0,-0.733790726370488,0.9392114696909831,0.441047630613843,-0.29677125307736896,-0.07698731246001145,-0.7915409002267446,-0.2833131426554676,1.0,-1.0,-0.03542901930099074,0.6124694722507089,0.46930391848736075,0.6047595779538487,-1.0,-1.0,1.0,-1.0,-0.32449822752052404,0.5724864112676398,1.0,-1.0,0.6943818237591473,-0.5609565122698847,-0.810761500387648,-0.8410866936011527,-1.0,1.0,0.4044485365890499,-0.5798124759736596,-1.0,0.4846542725729869,-0.7631653135241236,-0.4622733444770768,0.5398002015750465,-0.924945331308368,0.7740874107923715,-1.0,-0.7634716201910707,-1.0,0.875404331719345,0.6735854167628471,-1.0,1.0,1.0,0.07232136013921764,-1.0,-1.0,-0.3189056970522013,-0.1671561148917824,-1.0,0.2810696825675527,-1.0,-0.35520744955310113,0.3235196201679207,1.0,0.22176913206598184,-1.0,0.0015363955378144833,-0.6049280837585551,0.019395651774919198,-0.6384789079870142,0.30852221309090155,-0.3128270954787742,0.8187802694386168,1.0,0.2382353296310119,-0.0339884617022308,-0.09597150196233337,0.7970531162168367,0.00611154618876375,0.3651022541496227,-0.04672651764298219,0.24109024595656847,-0.8436947842693289,1.0,0.9056336964267395,0.014773467961595177,-1.0,-1.0,-0.5285065565097138,-0.5045807159585844,0.9214290055098335,-0.5965207743008951,1.0,0.38845539322605593,0.18037350117030804,0.1881402065296397,-0.11343800327255926,0.2976653029151739,0.7096909792578412,-6.33856498982871E-4,-0.6743889414418553,0.767619974083906,-0.30687589556339745,1.0,0.13871857821383793,0.3037646789213717,-0.285947639036669,-0.4681904723020819,0.4632491579435063
numHidden 	14
numGenes 	129
minGene 	-1.0
maxGene 	1.0
popSize 	100
maxEvaluations 	20000
tournamentSize 	10
selectionType 	Tournament
crossoverType 	Uniform
mutateRate 	0.05
mutateChange 	1.0
seed 	1523905651020
random 	java.util.Random@6193b845
neuralNetworkClass 	class coursework.ExampleEvolutionaryAlgorithm
Training Set Training
Fitness 0.0124918887571884