0.5751724167074393,1.0,-1.0,-0.6637320343711411,0.30140448459023184,-0.20011442171739946,0.3563314003361704,0.03174739444072042,-0.39631791581501785,-0.8025862343562463,-0.7391815628199228,-0.06974554842142289,0.7275348927431347,-1.0,0.927568132411217,-0.4051427726986797,0.6425412811233994,-0.43665562523374124,-0.6369098818217751,0.24118322254811908,-1.0,1.0,-0.8285979073159899,-0.4260323933008201,-0.8457377555100725,-0.41567968316422865,-0.2915879070552656,-0.2972045769037417,1.0,1.0,-1.0,0.23534868710197132,-0.6817000401217532,-1.0,1.0,-0.8960631177182858,0.24780351739271733,1.0,-0.8201400702155663,-0.10978780052313364,-0.9628269631172434,-0.9005353243725618,0.7653173411619811,0.20349020770297765,0.8186668098104093,-0.15055784035265996,1.0,1.0,-1.0,-0.7338175521348929,-0.3271822364356064,-1.0,1.0,1.0,-0.08641083701554242,0.15882413296759879,-1.0,1.0,0.3592764703050976,0.05150926928313537,0.699501964723691,-0.43814103065831933,-0.8248869587386529,-0.7049067928095578,-0.4495483874999978,-1.0,1.0,0.13432933030736516,-0.7634723918925441,-0.21573498126080204,0.32392328902805123,1.0,0.45004245358533557,0.3117325175200335,-0.8135055983580141,0.290890231722829,1.0,-0.5400819922946383,0.219344389942576,1.0,-0.2467841004228486,-0.9496857260440487,0.11319918866128331,-0.2009833467986362,1.0,-0.2863970553879086,0.4568190137453747,0.9617658625409722,0.14875496601004867,0.14832309107140262,-0.30686210654614676,0.808886094925559,0.8657162855073792,-0.7086302944072362,0.12249925397629427,1.0,0.3637281569373967,0.6637964245839154,-0.16308490791790176,-0.4140000882703514,1.0,0.9714605955724702,-0.17350899210340331,0.3026631005211378,-0.7934986927422335,-0.5388876206630775,-0.11985613240086215,0.6643601920543317,-0.025538566407021124,0.06037127301112566,-0.7231262980963922,-0.48635024081165734,-0.4425867211444613,-0.9909645568526414,0.09539738317487201,1.0,0.32966608019884225,-1.0,1.0,0.003921008788491553,-0.04960119146715747,-0.11512677522273296,0.6125944171320028,-0.6576414553178584,-0.6168106023698482,0.04478066570845249,-1.0,0.30893670451548627,0.4539622437144184
numHidden 	14
numGenes 	129
minGene 	-1.0
maxGene 	1.0
popSize 	100
maxEvaluations 	20000
tournamentSize 	10
selectionType 	Tournament
crossoverType 	Uniform
mutateRate 	0.05
mutateChange 	1.0
seed 	1523905651020
random 	java.util.Random@6193b845
neuralNetworkClass 	class coursework.ExampleEvolutionaryAlgorithm
Training Set Training
Fitness 0.012352314556293324