0.5971034872092027,0.9942261867871026,-0.47763359397367133,0.34883755157873164,1.0,-0.48444095273117305,-0.9104482121913894,1.0,0.759441057492565,1.0,1.0,1.0,0.34129948131638965,0.8373365701269391,0.18046799217545928,0.27700369582300155,-1.0,-0.5778935750409105,-0.6764477550567616,-1.0,-0.5561072668028546,0.7698699464989075,0.849810272949977,-0.017387227166176356,0.024726945882766138,-0.6897420261104255,0.1616471328026676,1.0,0.4930179470214582,1.0,0.11589176427023004,-0.7335687060871141,0.018558223101322047,0.42895986855862356,-0.23692324003035836,1.0,0.6182946160808491,0.5615396678224245,0.9457213174986328,0.0661625233175116,1.0,-0.17816583394030605,1.0,0.017215596989607507,-0.7778451819537313,-1.0,1.0,1.0,-1.0,-0.7314135254430401,1.0,0.6547923896172906,-1.0,-0.8328131413731402,0.7463190601358453,0.8070613097469033,-0.4295151762374917,0.06234005222377892,-0.6190133565419375,-0.48126726264008735,0.20438207080885173,1.0,-0.5828067721124992,-0.005275550014628538,0.12268969199597801,-0.5813768602050083,-0.48267971500201845,-0.5976216586832293,-1.0,-0.8500454061201863,-0.8671658855884545,-0.11130999412059572,0.15677432596023477,1.0,-0.018067076786400404,0.4324171832389625,-0.19093562621153448,0.06109221127225162,-0.49929016711449803,0.25949963468967985,0.18852649709856428,0.29600106926137215,0.5166263660320938,-0.050082119374319056,0.9031792600515524,0.2860388232263893,1.0,0.16234376465573996,-0.33469355686142654,0.2480532707035281,0.3985761979456883,-0.16340160089948286,-0.631257178944374,-0.8793337337548754,-0.5484831567596962,0.3791282242557499,1.0,0.03251479774236832,-0.38287912460939544,0.9420089370793894,-0.6601822825884038,0.914502061635118,-0.9618943322917066,0.18393336710369623,0.0956190140578872,-0.18565103563885788,-0.9360635994990456,-0.23319211641467952,-0.0947215012266065,-1.0,0.8434081414942658,-0.3831202051114322,-0.9879392203817969,0.03518071234346354,0.5219852385539412,-0.4440518508144238,-0.7751209290667637,0.4978280460699871,-0.49331516452076496,-0.4245417903219225,0.2522197859941747,-0.04845064126796195,0.31949512865011465,-1.0,0.13088150869721216,1.0,-0.36331390904050975,0.9532547104519873,0.6844705929424768
numHidden 	14
numGenes 	129
minGene 	-1.0
maxGene 	1.0
popSize 	100
maxEvaluations 	20000
tournamentSize 	10
selectionType 	Tournament
crossoverType 	Uniform
mutateRate 	0.05
mutateChange 	1.0
seed 	1523905651020
random 	java.util.Random@6193b845
neuralNetworkClass 	class coursework.ExampleEvolutionaryAlgorithm
Training Set Training
Fitness 0.00620553445338119