-0.5760881940751229,0.256243153127917,1.0,0.5385236717991532,-1.0,-0.16903685769730026,-1.0,-0.6884403928198405,0.5793616073010288,0.3377117304585606,0.13595282070767337,0.31472160472239075,1.0,-0.0551841991043287,-0.4457678830281804,-0.6011819800453355,-0.3553881648249998,-0.18171874262836318,0.2340495916869545,0.0725981882680602,-0.0014127287264278365,0.9777730133815199,0.2675699698577113,1.0,1.0,0.347207083367048,-1.0,1.0,0.14910111647980107,1.0,0.3420166057535722,-1.0,-1.0,-0.522491767688137,-1.0,0.6409662623645747,-0.43741486521883455,-0.47457847704039446,0.26725978045901877,-0.90263252984926,1.0,1.0,0.6210175813629613,-0.7295139753167658,0.3724944238992869,-0.5567859840985687,0.8043615650739376,-0.1357245300244061,0.35817348829962115,0.10475663733373275,0.31008449235072244,0.6154045590525448,0.8755758380160862,-0.9129694334172982,-1.0,0.3539322086892218,-0.3308579849623301,0.6622356284881957,0.009590421466755594,1.0,1.0,0.21881562552364953,0.4460375032956674,-1.0,-1.0,0.5518065199145146,0.7689708467847993,-0.133105722329667,1.0,1.0,1.0,0.6851473725808757,-0.782510080929074,-0.48128419066393957,-0.06356343936570452,-0.29087354702863655,-0.448034937077191,-0.43119849393601506,0.6776933445382871,0.7792953229424362,0.34692502035218853,0.35615245745061996,0.16899283345949054,-1.0,0.7876157559997694,0.5295709808396614,0.09006378791744596,-0.9028678218026571,0.6935856895037719,-1.0,0.5431325693075306,-0.22934269290477927,0.346986395732918,0.8105081454162741,0.7557680514171696,-0.9128801896298353,1.0,1.0,1.0,-0.5974096565172136,0.05581767513759284,1.0,-0.7303612360300336,1.0,-1.0,0.5353071849200153,0.6238860857105312,0.5093170863053786,0.9517458674554973,-0.05367899592524261,-0.2579374844689326,-0.22593725172108048,-1.0,0.7492542795507036,1.0,0.6840608691029446,0.8960839289991502,-0.5400468628583057,0.03546168023161855,-0.9343176009098151,0.43735035531730726,-0.36402505884602054,-0.27272714115530816,1.0,-0.7036946622083047,0.29397365281614374,0.062496947997063845,-0.1384148680678463,0.32619331196789725
numHidden 	14
numGenes 	129
minGene 	-1.0
maxGene 	1.0
popSize 	100
maxEvaluations 	20000
tournamentSize 	10
selectionType 	Tournament
crossoverType 	Uniform
mutateRate 	0.05
mutateChange 	1.0
seed 	1523905651020
random 	java.util.Random@6193b845
neuralNetworkClass 	class coursework.ExampleEvolutionaryAlgorithm
Training Set Training
Fitness 0.01203958069769958