0.9175595626387826,0.39017161431556024,0.636645153959544,-0.8106660850020739,-0.7546694569274538,0.4886844586000486,-0.13911986951280517,0.2288547838252508,1.0,0.6657198839561752,-1.0,-0.07825242180212255,-0.7770570019942172,0.3310565608704874,1.0,-1.0,0.7013591987079864,0.7599649078166613,-0.11230316325167133,0.6223434723422021,-0.09035371133350634,0.07237677509922055,0.03562671072913692,0.891507986862317,1.0,-1.0,-1.0,0.027623504063013032,-0.6914320352380018,-1.0,0.18445287031645718,-1.0,-1.0,0.4947505210050269,-1.0,-0.49178310641771916,-0.02196202573533479,0.5562213815586192,-1.0,0.6844888910414844,0.9161533383717865,0.25731260915732157,0.6051851440974398,-0.6194826583755005,-0.7656917386135418,-0.13912916888895888,-0.7866285254743903,0.8707928196750765,-0.7051240066633712,0.8345834225230475,1.0,0.27429969268504206,-0.8712843062202749,-1.0,-1.0,0.9102352468697772,0.19073580287703495,0.6113210399694248,0.4096507965807554,0.08198786660374269,-1.0,0.15810776422005748,-0.8206209695508853,0.33875054855761555,1.0,-0.6421639525433247,1.0,0.4443432591609563,0.028592503087760957,0.5259266656789123,0.8799544762649676,-1.0,0.8708254928229178,0.23186991590200923,-0.46719343170679906,0.34027514700104133,0.05444564644146355,-1.0,0.08510518792299193,-0.5441463864405571,-0.5874434139147364,-0.28889265397046726,1.0,1.0,-0.6098381396524619,-0.13055419077528052,-0.40305156564210953,0.5638094623170908,0.02858679101190309,-0.6647306502770461,0.0149815157741644,0.8740280614690958,-1.0,-0.7807415860858138,0.27603860985568784,0.754625471106024,-0.24809930080914522,0.5926636473942226,0.41483520754307135,0.9886783085005088,-1.0,1.0,-1.0,1.0,-0.5774429145902154,0.03930135253229983,1.0,-0.06732238068079877,0.5837145864171822,0.38934607864280435,0.803176145746074,0.7826325875060443,-0.8408342919760069,1.0,-0.30982465174584894,0.16751277755995697,0.5101625471829151,-0.3180982863624562,-0.2675297082438187,-0.2994185407838623,0.4561613283780277,-0.9512143919014134,-0.1667790734735567,-0.11302943524990461,0.8731307772869988,0.44745349461498307,0.4184490266513068,-1.0,0.4167630671538973
numHidden 	14
numGenes 	129
minGene 	-1.0
maxGene 	1.0
popSize 	100
maxEvaluations 	20000
tournamentSize 	10
selectionType 	Tournament
crossoverType 	Uniform
mutateRate 	0.05
mutateChange 	1.0
seed 	1523905651020
random 	java.util.Random@6193b845
neuralNetworkClass 	class coursework.ExampleEvolutionaryAlgorithm
Training Set Training
Fitness 0.014596945222625841