1.0,0.6328355322428915,-0.8283376442072892,-1.0,1.0,1.0,-0.764119644184584,-0.3931582459648283,-1.0,-0.04517105836151747,0.7349771639809102,0.1933272057258758,-1.0,0.9406167441586393,-0.6123643947606949,-1.0,0.444578399629984,0.3889363968449352,1.0,-0.6685019873725873,-0.9424952252775929,-0.1402395679261328,0.12486564939018796,-0.9194912480445163,-1.0,0.873833931548958,0.1695482997259511,-0.2062443873650116,-0.1319764541686148,0.7631818555999735,0.2713171447417046,-0.29221072356083333,1.0,-1.0,-0.49547801548357784,-1.0,-0.9602822397233798,-1.0,0.09685965103868988,1.0,-0.15647280178950754,-1.0,0.7827379390707405,-0.769228860241905,1.0,1.0,1.0,1.0,-1.0,-0.4045134429820556,-0.9583913808644602,-0.8875499217515229,-1.0,-1.0,0.9025996993315436,1.0,-0.5979752386693462,0.007654342895488053,1.0,-1.0,0.9183088816536822,0.33102103329034593,0.47769277251844156,1.0,-0.5995042259107253,0.7390335935405101,0.7135587817628677,-0.3002918844914306,0.5160322488000615,1.0,0.2185482621776207,0.08568589578030927,-1.0,-0.1850836346798325,0.5499699953263792,-0.15077052665790847,0.3055218766804948,0.7334584301749963,-0.33530977652978267,-0.5442083468424843,-0.4470828449784159,-0.37305210561372604,0.6341232352701871,-0.01379836322512018,0.13365977784300054,0.39719809263827766,-1.0,0.9996967385925455,0.44220511693400566,-0.7820895448565468,-0.21581960877966266,0.8149647848457573,1.0,-0.5057762654148809,1.0,1.0,0.8204130925390609,-0.17523240670201948,1.0,-1.0,1.0,0.18268338094355308,-1.0,0.37298869865905837,-0.7454303013286658,-0.2058374093334745,0.8494808963566094,-0.5931303279186526,-1.0,0.6712961663949554,-0.1971023689600624,-0.7523715994937149,1.0,-1.0,1.0,-1.0,-0.5370158053426738,1.0,0.09065411328340978,-0.9261517340626841,-0.09029303309844527,1.0,1.0,-0.9622232483708721,1.0,0.6898842036448928,-0.3906834037023298,-0.05328031332998462,-0.4395712532348941
numHidden 	14
numGenes 	129
minGene 	-1.0
maxGene 	1.0
popSize 	100
maxEvaluations 	20000
tournamentSize 	10
selectionType 	Tournament
crossoverType 	Uniform
mutateRate 	0.05
mutateChange 	1.0
seed 	1523905651020
random 	java.util.Random@6193b845
neuralNetworkClass 	class coursework.ExampleEvolutionaryAlgorithm
Training Set Training
Fitness 0.005580168392521228