-0.43053634840857113,0.5747905327881497,-0.9425616434054802,0.8462453559502123,-0.7563435828303189,1.0,1.0,0.9474505989229842,0.7421333754693775,-0.7053771939021514,-1.0,-0.2549104338816436,1.0,0.9608413720895148,0.29669948575341965,-0.5386156553985508,1.0,0.5542392358640779,-0.46030653712899117,-0.06690734030405232,-0.3392860486541638,1.0,-1.0,-0.01873678909195675,0.9036165745399726,0.38887362899213707,-1.0,1.0,1.0,-0.8832312029154162,0.21458931440448,0.16925597963184313,-1.0,-0.8592908789030191,-0.7863723778225336,-0.2835471028496883,0.9194429070888235,-1.0,-0.18820842203302957,-0.8380431456649826,-0.41758087248306686,-1.0,0.8265025074711879,-1.0,1.0,1.0,0.848924933904518,-1.0,1.0,0.6415398375999278,0.8670549791565748,0.6881606071210109,-0.627185415454536,0.5055205050982147,-1.0,0.9492405369282659,0.2836357173616426,0.16708735365535599,1.0,-0.1827456231936906,-0.00593726324169741,-0.038090387929150094,-0.29295398213115675,-1.0,6.256570130824812E-5,1.0,0.14578144111783153,-1.0,0.1658348852396978,0.3312255930900717,-1.0,-1.0,-0.5566337179379005,0.3018611598555059,-1.0,-1.0,-0.8806961310758119,-0.09080983298522888,0.49386115602903646,-0.6750796973886772,-1.0,1.0,0.06947476105994677,1.0,0.9161114936900956,0.14375846117417257,-0.3282046430005935,-0.14308095909311247,-1.0,-0.47788747142058075,0.26497476566852984,1.0,0.44138859401553454,-0.36170650008757765,0.22406730727681534,1.0,0.14175450319933547,0.4177322553799673,-1.0,1.0,1.0,-1.0,-0.15040523332918454,1.0,0.7154104630981388,0.6305721728203978,-0.9674011398891815,0.8809060562370379,0.9321324363419052,0.09884877332669306,-0.28005968849840046,-0.3020388498914808,0.8862198201479021,0.9693578076879716,-1.0,0.7380156109932464,0.7033730442815558,-0.44282894284672536,-1.0,-0.9465908187520116,0.5237267040970122,0.26351614162715675,-0.8054954112768791,1.0,-0.09236624518823688,0.8465691608814242,-0.11414997363539747,1.0,-0.36405880644765276
numHidden 	14
numGenes 	129
minGene 	-1.0
maxGene 	1.0
popSize 	100
maxEvaluations 	20000
tournamentSize 	10
selectionType 	Tournament
crossoverType 	Uniform
mutateRate 	0.05
mutateChange 	1.0
seed 	1523905651020
random 	java.util.Random@6193b845
neuralNetworkClass 	class coursework.ExampleEvolutionaryAlgorithm
Training Set Training
Fitness 0.015194038720109089