0.7706106486787653,-0.22080089142698012,-0.7526487115003944,0.7833962079086711,-0.9022751725940613,1.0,0.8732046496063401,-0.8435796414084401,0.646738936566038,-0.19335219561341688,-0.21123310366255965,-0.4517289540272199,-0.49161030107612036,-0.694801919119451,-0.2360126493771888,-0.1510534703912667,-1.0,-1.0,1.0,-1.0,-1.0,-0.9450554016747525,1.0,0.8731899676196511,0.5636532033888607,-0.282669441272167,1.0,-0.2452577638599943,0.3025723082530616,1.0,-1.0,0.8697672481200973,-0.37873466127192934,-0.8251007696729038,0.6483469097679141,0.5445826356349054,-0.36290456103921964,0.8440499447757495,-0.5067175080293554,-1.0,-0.07104641820665591,-0.9249650223422299,0.20038660692671306,0.5547967472016373,0.3311154820798139,0.5915941176257637,0.7009968892401992,1.0,-0.9897866984253441,-0.11761365999486817,1.0,1.0,0.48496266031390045,-0.3374534429848739,-0.1381009233407905,0.873193024824721,-1.0,0.8294310343239581,0.7639021494725371,1.0,-0.6435921120185676,0.6281510135021244,-0.2006376245176802,-1.0,-0.1684153650148179,0.03640864380035394,0.09736766222800253,-1.0,-1.0,-0.39406731202018697,0.46621422737009355,0.023520559881888725,0.6005212623536316,-0.3340441205964023,-0.1529640628686839,0.7365158800165136,-0.4264803349090004,-1.0,-0.11606567387106825,0.2521658752515701,0.30160258854918265,-0.8095822391911449,1.0,0.4148358825569044,-0.05412389452773847,-0.855220510628403,-0.08334875347010917,0.23506854349739803,-0.10178793428179356,-0.1165704675937462,0.5045079276308695,1.0,-1.0,0.629296025268848,-0.6681600054857877,-0.07541676258547603,-0.3435462239701743,0.45772538822823616,0.5358221783496719,0.3809345816180283,0.5366530122028736,0.04146939820646578,0.6184756508606039,-0.15763410721583504,-1.0,0.848202626213954,1.0,-0.0870900990258725,-0.3533694517658711,-0.6836675388101257,1.0,0.8574055002163432,-1.0,-0.3186283781443777,-0.07520375915896971,0.10968024095883,0.060627037951761276,-1.0,0.9281907646117431,-0.13711846996809976,-1.0,0.05835573507860792,0.5359988582213093,0.10640977305801913,0.10754307641857752,-0.02676079766649997,0.32280465309981987,0.7864433198118327,-0.24633886081086964
numHidden 	14
numGenes 	129
minGene 	-1.0
maxGene 	1.0
popSize 	100
maxEvaluations 	20000
tournamentSize 	10
selectionType 	Tournament
crossoverType 	Uniform
mutateRate 	0.05
mutateChange 	1.0
seed 	1523905651020
random 	java.util.Random@6193b845
neuralNetworkClass 	class coursework.ExampleEvolutionaryAlgorithm
Training Set Training
Fitness 0.008658356642334213