-1.0,0.5020292660357677,0.2277615568299698,1.0,-0.7644653934097736,1.0,-1.0,0.8337120726580182,0.0421179560040551,-0.3008697319020378,0.18437291976494874,-0.144710387043773,1.0,-0.07049422237958025,-0.39257931249150324,1.0,1.0,0.7058096044658335,1.0,-1.0,-1.0,-0.49814694223258515,-1.0,0.8783985786703845,-0.6163855787092494,-0.42551948155410924,0.5651920186998647,-0.8118294616283932,-1.0,1.0,0.5667144326055432,1.0,-1.0,-1.0,-0.39859394569201956,0.29373358556999696,-0.26338316312085897,0.5642871744810203,0.27146470457372573,-1.0,-0.3399345290922269,1.0,1.0,1.0,-0.04042972576754389,-1.0,0.7996423735749328,-0.5427724755806992,-1.0,0.029329668938766984,-1.0,0.7064505499085287,-0.4252931203366914,-1.0,0.9260558901922068,1.0,-0.1652543241580351,0.2911608375805492,-1.0,0.5090722104262834,0.7822553576010086,1.0,-0.8014629703637915,-0.9919221895610516,0.2950961490952102,-0.5590672368754119,1.0,0.40400628866764965,0.6120693634126401,0.5012358003885082,0.0956743242907637,-0.5937935772361802,-1.0,0.12779594135298833,0.00498494573367958,1.0,0.09630069910912231,1.0,-0.8051552027095994,1.0,-1.0,0.46977630673429527,0.5699075784724548,-0.5459517989680724,-0.4050311512738972,1.0,-0.3047163499832979,1.0,-1.0,1.0,0.4366963275100515,-0.8704073552388532,0.14022852861101898,1.0,-0.25209873230025004,-0.437152369189318,-1.0,0.08031810043043397,1.0,-0.5936802285224777,0.020641091153647068,-0.8853489717331633,-1.0,0.6633086794883556,-0.7121762174782954,0.7499043434916832,-0.41061904054797804,-0.09914925633734106,1.0,0.3727894519077195,-0.8850950173948222,1.0,-1.0,0.15830187154836572,0.21209492250009743,0.5320709754564096,-1.0,-0.402261303628041,0.7475051215606485,-0.4475527760866207,0.9030501027769455,-0.6125930122767236,0.5388481133843808,0.960110962334517,1.0,-1.0,0.8066659373513079,0.9139433597522008,-0.6427954337866641
numHidden 	14
numGenes 	129
minGene 	-1.0
maxGene 	1.0
popSize 	100
maxEvaluations 	20000
tournamentSize 	10
selectionType 	Tournament
crossoverType 	Uniform
mutateRate 	0.05
mutateChange 	1.0
seed 	1523905651020
random 	java.util.Random@6193b845
neuralNetworkClass 	class coursework.ExampleEvolutionaryAlgorithm
Training Set Training
Fitness 0.009301365080214416