0.2085902561143377,-1.0,-1.0,-1.0,-1.0,0.44667156805843033,0.1633049263923101,0.7254068337198156,1.0,-1.0,0.08708038514061278,0.2963814381368711,-0.6459482248745063,-0.5119090757945957,-0.1915041163314546,-0.537945306782019,-1.0,0.1128545800716938,0.018101542313740726,-1.0,0.36465694208759203,-0.876723456125239,-1.0,0.5580801862855587,-1.0,-0.09870022399347889,-1.0,-1.0,-0.11140430714418814,-1.0,0.7784094629193004,-1.0,0.5164120987292751,-1.0,-1.0,-1.0,0.10424089144760007,0.5087606107899199,0.39559193137485427,-0.5687508398190584,-0.7323135343741384,0.24772206785574144,-0.65294224619539,0.3032303248892919,-1.0,-0.8905138801801269,-0.9954346388143512,-0.5435432104382184,-0.6050421777921595,-0.0014309226778366213,-1.0,0.5358109847248999,0.4162179024746905,0.43030304653495455,-0.501362113359169,-1.0,-1.0,0.4908197320170756,-0.657942348431638,0.3635403021753242,0.7744137536704685,0.019066164571627686,-0.9832777683834705,-0.12982241806170414,-0.008518586794879268,0.5613809609606017,0.3041134768979564,-0.29829034662739917,-1.0,-0.5763015838014197,0.3028195306853635,-0.22513477133666138,0.5693256491642319,0.21946062315265524,1.0,0.22998800910967443,0.5899958932581977,-0.09439261196710838,0.11270721193389943,0.38199078159886835,-0.5742844269278775,0.9734687995596605,-0.21437461765086518,0.8645684778790345,-0.48909751759365494,-0.35848709724291306,-0.8635945260757774,-0.6908894779428587,0.6205057822499527,-0.2441308983441841,-0.026210727212228946,-0.19438661190452278,-1.0,-0.8086763630090111,-1.0,-1.0,-1.0,-0.4437343883141719,0.553073110792216,-0.16185868005973247,-0.007806758172402395,-0.985761479758138,-0.48788872591273647,-0.3106662817681918,1.0,-1.0,0.6461345127523405,0.18867236382232266,0.45469988817334195,-0.8277344273491087,-0.15772701353372354,-1.0,1.0,-1.0,-0.09025879827687275,0.9141963195852105,-0.6666658767355318,0.9197811896010719,1.0,-1.0,-1.0,-0.41922350515016293,0.06665185528839568,-0.43757673178194956,-1.0,0.21608254866209575,0.6735146232076976,1.0,0.7975975099682473
numHidden 	14
numGenes 	129
minGene 	-1.0
maxGene 	1.0
popSize 	100
maxEvaluations 	20000
tournamentSize 	10
selectionType 	Tournament
crossoverType 	Uniform
mutateRate 	0.05
mutateChange 	1.0
seed 	1523905651020
random 	java.util.Random@6193b845
neuralNetworkClass 	class coursework.ExampleEvolutionaryAlgorithm
Training Set Training
Fitness 0.008052047626659509